id,time,log10VL,popPred_medianCOV,popPred,indivPred_SAEM,indWRes_SAEM
35,2.29487,5.95994,4.40107,4.40107,6.49553,-0.871938
35,6.83547,7.6576,6.23538,6.23538,6.20971,2.35716
35,10.0406,8.46464,5.80712,5.80712,6.25061,3.60445
35,10.3077,4.92978,5.83412,5.83412,6.22784,-2.11324
35,12.9786,6.79451,5.93543,5.93543,6.2823,0.833892
35,16.4509,6.02896,5.65466,5.65466,6.20855,-0.292377
35,20.7244,5.79916,5.4843,5.4843,6.08847,-0.470999
35,24.1966,5.83381,5.3099,5.3099,6.01124,-0.288853
35,28.7372,5.72925,5.13476,5.13476,5.90388,-0.284285
35,30.6068,5.71526,5.05921,5.05921,5.86252,-0.239736
35,46.0983,5.31801,4.55161,4.55161,5.56742,-0.406039
35,52.5085,5.1438,4.41973,4.41973,5.46121,-0.516753
35,65.5962,5.1224,4.30019,4.30019,5.26952,-0.239516
35,93.3739,5.14216,4.39216,4.39216,4.98157,0.261448
35,177.509,5.23621,4.37805,4.37805,4.78101,0.741056
35,260.575,5.39988,4.37725,4.37725,4.77629,1.01521
36,1.2265,1.28976,3.75603,3.75603,0,2.09973
36,3.89744,2.92487,7.05779,7.05779,3.01793,-0.151496
36,6.12322,4.25847,5.76537,5.76537,5.14837,-1.44876
36,11.2425,5.31941,5.97984,5.97984,5.40202,-0.134485
36,17.9199,5.093,5.63917,5.63917,5.19043,-0.15862
36,20.8134,4.52462,5.47864,5.47864,4.93359,-0.665813
36,25.0424,4.06056,5.27751,5.27751,4.64605,-0.953193
36,27.9359,3.55596,5.16676,5.16676,4.46352,-1.47752
36,42.1809,4.44838,4.65569,4.65569,3.72499,1.17768
36,53.3098,3.76369,4.40671,4.40671,3.39488,0.600433
36,64.2162,3.79225,4.3041,4.3041,3.3075,0.789171
36,89.5901,3.78543,4.38104,4.38104,3.91651,-0.213401
37,3.63034,4.70738,7.00335,7.00335,6.82335,-3.44479
37,6.56838,6.49556,6.0528,6.0528,7.01602,-0.847314
37,10.0406,7.33738,5.80713,5.80713,6.5186,1.33298
37,13.5128,7.21895,5.84845,5.84845,6.33705,1.43574
37,20.1902,6.20277,5.51895,5.51895,6.26571,-0.102475
37,26.0662,5.53453,5.23903,5.23903,6.19317,-1.07227
37,27.4017,5.47881,5.18778,5.18778,6.15561,-1.10184
37,53.844,6.05529,4.39846,4.39846,5.78966,0.432455
37,59.453,5.7489,4.33239,4.33239,5.72344,0.0414497
37,101.654,5.51062,4.39975,4.39975,5.3232,0.305121
37,189.528,4.97131,4.37699,4.37699,4.94787,0.0381597
37,262.979,4.7944,4.37725,4.37725,4.8908,-0.156934
37,322.808,4.87551,4.37728,4.37728,4.88282,-0.0119098
38,0.425214,3.87251,5.41661,5.41661,3.61301,0.422466
38,6.30128,5.8067,5.87191,5.87191,5.98171,-0.284928
38,7.63675,6.16848,6.4753,6.4753,6.24822,-0.129815
38,12.9786,6.49531,5.93543,5.93543,5.7273,1.25031
38,18.8547,5.26344,5.60079,5.60079,5.27727,-0.0225113
38,20.7244,5.1242,5.48431,5.48431,5.19663,-0.117923
38,25.7991,4.59516,5.24908,5.24908,4.95101,-0.579325
38,28.4701,4.34455,5.14546,5.14546,4.81884,-0.772143
38,105.393,3.97267,4.39729,4.39729,4.32265,-0.569754
38,181.782,4.06007,4.37759,4.37759,4.28091,-0.359529
39,0.959402,2.93311,4.02178,4.02178,2.64358,0.471346
39,4.16453,4.12982,6.73987,6.73987,4.88566,-1.23052
39,6.83547,4.40804,6.23538,6.23538,4.99101,-0.949063
39,10.5748,4.86715,5.87294,5.87294,5.80809,-1.53187
39,14.3141,5.24971,5.7377,5.7377,6.11331,-1.40595
39,18.0534,6.09152,5.63514,5.63514,5.93724,0.251158
39,21.2585,5.89655,5.45113,5.45113,5.68069,0.351427
39,24.7308,5.40933,5.2893,5.2893,5.71083,-0.490845
39,27.6688,5.24917,5.1773,5.1773,5.55493,-0.497776
39,38.3526,4.91474,4.77356,4.77356,5.30992,-0.64335
39,41.5577,4.7824,4.6738,4.6738,5.24253,-0.749083
39,55.9808,4.44087,4.36891,4.36891,4.9325,-0.800379
39,84.2927,4.71111,4.3582,4.3582,4.52422,0.304248
39,168.962,4.34588,4.37889,4.37889,4.37142,-0.041585
39,258.705,4.25182,4.37725,4.37725,4.37141,-0.194695
39,326.814,4.29084,4.37728,4.37728,4.37141,-0.13117
40,0.692308,4.56833,4.54739,4.54739,4.11686,0.734996
40,4.16453,6.19645,6.73988,6.73988,5.89814,0.485652
40,7.10256,7.24704,6.38681,6.38681,6.35563,1.45123
40,11.3761,7.8105,5.99685,5.99685,6.49798,2.13678
40,14.047,7.58077,5.76967,5.76967,6.43777,1.8608
40,19.3889,6.50201,5.57026,5.57026,6.24138,0.4243
40,21.7927,6.23749,5.42029,5.42029,6.20574,0.0517001
40,27.1346,5.63886,5.19819,5.19819,6.10079,-0.752025
40,29.0043,5.54137,5.124,5.124,6.07483,-0.868476
40,35.9487,5.78463,4.85554,4.85554,5.95265,-0.273528
40,43.1603,5.55472,4.62805,4.62805,5.84356,-0.470236
40,57.5833,5.67939,4.35032,4.35032,5.64689,0.0529092
40,73.8761,5.81095,4.30854,4.30854,5.45787,0.574805
40,148.128,5.32088,4.37564,4.37564,4.97526,0.562676
40,229.592,5.25499,4.37742,4.37742,4.88107,0.608745
40,314.795,4.82016,4.37728,4.37728,4.87308,-0.086158
40,329.218,4.99354,4.37728,4.37728,4.87287,0.196446
41,0.959402,2.5156,4.02178,4.02178,2.55384,-0.0622525
41,2.82906,3.56624,5.38138,5.38138,3.7512,-0.301105
41,6.30128,5.78582,5.87191,5.87191,5.27668,0.828881
41,10.3077,6.62066,5.83414,5.83414,5.79724,1.34053
41,14.5812,6.86403,5.71156,5.71156,5.91621,1.54306
41,16.7179,6.01503,5.65446,5.65446,5.70846,0.499098
41,20.9915,4.73452,5.46746,5.46746,5.65713,-1.50202
41,35.6816,5.13751,4.86504,4.86504,5.19292,-0.0901981
41,43.1603,4.60838,4.62805,4.62805,4.98589,-0.61459
41,58.6517,4.33638,4.33958,4.33958,4.63877,-0.49228
41,85.3611,4.5719,4.36334,4.36334,4.34819,0.364192
41,168.694,5.08348,4.37891,4.37891,4.34661,1.19962
41,253.096,4.97572,4.37727,4.37727,4.34697,1.02359
41,337.498,5.07671,4.37729,4.37729,4.34698,1.188
42,1.2265,3.05139,3.75603,3.75603,3.32001,-0.437318
42,2.82906,3.94199,5.38139,5.38139,4.6986,-1.23176
42,5.5,5.38923,5.57239,5.57239,5.3911,-0.00305472
42,10.5748,6.55803,5.87292,5.87292,6.27145,0.466545
42,14.3141,6.68313,5.7377,5.7377,5.96252,1.17316
42,16.7179,6.50211,5.65446,5.65446,5.90548,0.971315
42,20.4573,5.61825,5.50152,5.50152,5.79697,-0.290954
42,24.1966,5.13102,5.30991,5.30991,5.61085,-0.781165
42,27.6688,4.96388,5.17731,5.17731,5.53707,-0.933166
42,34.6132,4.80356,4.90377,4.90377,5.3157,-0.833778
42,42.359,4.90066,4.65059,4.65059,5.10889,-0.338989
42,55.4466,4.8236,4.37579,4.37579,4.82706,-0.00563634
42,83.7585,4.8155,4.35555,4.35555,4.53963,0.449117
42,156.141,4.73606,4.37812,4.37812,4.5123,0.364287
42,247.22,4.88549,4.3773,4.3773,4.5123,0.607566
42,336.429,4.88888,4.37728,4.37728,4.5123,0.613072
43,2.29487,3.14876,4.40107,4.40107,3.15628,-0.0122449
43,4.16453,4.20636,6.73987,6.73987,4.78651,-0.944485
43,7.63675,6.26589,6.47529,6.47529,6.17766,0.143644
43,11.3761,7.26079,5.99686,5.99686,6.60195,1.07259
43,15.3825,7.28846,5.66613,5.66613,6.39692,1.45143
43,18.5876,6.79429,5.61404,5.61404,6.30948,0.789268
43,20.7244,6.51587,5.4843,5.4843,6.16912,0.564501
43,25.5321,6.04251,5.25912,5.25912,6.12071,-0.127313
43,27.9359,6.112,5.16676,5.16676,6.07483,0.0605131
43,33.812,5.62468,4.93364,4.93364,5.97997,-0.578415
43,42.0919,5.58955,4.65825,4.65825,5.86034,-0.440842
43,50.1047,5.78406,4.46343,4.46343,5.7486,0.0577367
43,83.7585,5.51134,4.35555,4.35555,5.35499,0.25454
43,165.756,5.28539,4.37902,4.37902,4.82556,0.748596
43,250.959,4.87839,4.37728,4.37728,4.72321,0.252631
43,332.957,5.16735,4.37728,4.37728,4.71461,0.737057
44,4.16453,6.23124,6.73987,6.73987,5.98858,0.395052
44,6.56838,6.28681,6.05279,6.05279,6.36304,-0.124094
44,10.8419,6.24489,5.91717,5.91717,5.85861,0.628868
44,14.047,5.52805,5.76967,5.76967,5.64181,-0.185202
44,17.7863,4.59548,5.64268,5.64268,5.41397,-1.3325
44,21.5256,4.42833,5.43539,5.43539,5.23196,-1.30831
44,24.9979,4.61607,5.27919,5.27919,5.03667,-0.684737
44,33.2778,4.46961,4.95392,4.95392,4.66322,-0.315204
44,39.9551,5.29043,4.72231,4.72231,4.44722,1.37274
44,45.8312,4.78223,4.55815,4.55815,4.32479,0.744714
44,54.6453,4.39221,4.38674,4.38674,4.26066,0.214172
44,86.4295,4.37702,4.36825,4.36825,4.45597,-0.128524
44,165.756,4.26946,4.37901,4.37901,4.40377,-0.218655
44,254.432,4.60687,4.37726,4.37726,4.40563,0.327623
44,340.436,4.24855,4.37729,4.37729,4.40554,-0.255582
45,0.781339,1.93923,4.33899,4.33899,2.20604,-0.434377
45,3.67486,3.2496,7.04519,7.04519,3.76329,-0.836285
45,6.79095,4.71653,6.20616,6.20616,5.29751,-0.945825
45,10.3522,5.71375,5.83996,5.83996,5.69099,0.0370564
45,14.3586,6.24707,5.73293,5.73293,5.22343,1.66649
45,16.807,5.81207,5.6543,5.6543,5.07614,1.1981
45,20.8134,5.48139,5.47864,5.47864,5.12754,0.576066
45,24.1521,5.11594,5.31165,5.31165,4.9336,0.296861
45,28.8262,4.36773,5.13119,5.13119,4.63012,-0.427168
45,34.8358,3.97318,4.8956,4.8956,4.37062,-0.647025
45,41.7358,3.74676,4.66858,4.66858,4.19858,-0.73557
45,52.8647,3.82749,4.41385,4.41385,4.14996,-0.524982
45,76.2354,4.5108,4.31806,4.31806,4.36107,0.243761
45,149.909,4.34548,4.3763,4.3763,4.29589,0.0807428
45,252.517,4.88064,4.37727,4.37727,4.29831,0.948045
45,329.975,4.74997,4.37728,4.37728,4.29829,0.735333
46,3.09615,5.58416,5.96566,5.96566,7.18873,-2.61226
46,5.5,6.21727,5.57239,5.57239,6.26998,-0.0858135
46,10.3077,6.91291,5.83413,5.83413,6.26109,1.06117
46,48.235,5.05351,4.50222,4.50222,4.83125,0.361839
46,66.1303,4.86492,4.29915,4.29915,4.54216,0.525451
46,73.8761,4.14094,4.30854,4.30854,4.49054,-0.56915
46,88.2991,4.0499,4.37617,4.37617,4.47223,-0.687545
46,174.838,4.1021,4.37834,4.37834,4.48825,-0.62866
46,322.808,4.22142,4.37728,4.37728,4.48822,-0.434348
47,1.2265,2.4205,3.75603,3.75603,2.54656,-0.205227
47,4.56517,4.47308,6.14413,6.14413,5.83209,-2.21247
47,7.01353,5.11663,6.34201,6.34201,6.2658,-1.87085
47,12.1328,6.4907,6.02814,6.02814,6.12573,0.594178
47,14.136,6.45583,5.75839,5.75839,5.67832,1.26579
47,19.0328,5.80039,5.59114,5.59114,5.63749,0.26519
47,26.1553,4.61138,5.23567,5.23567,5.34933,-1.20138
47,27.9359,4.69249,5.16676,5.16676,5.26584,-0.933407
47,33.5004,4.83143,4.94543,4.94543,5.06173,-0.374924
47,40.8454,4.93552,4.69503,4.69503,4.84804,0.14241
47,53.9776,5.02777,4.39646,4.39646,4.55704,0.766342
47,81.5773,5.04406,4.34445,4.34445,4.40249,1.04448
47,161.26,4.74513,4.37887,4.37887,4.41606,0.535727
47,243.392,4.80563,4.37733,4.37733,4.416,0.634304
47,329.084,4.53545,4.37728,4.37728,4.41601,0.194463
48,2.82906,3.60799,5.38137,5.38137,3.88444,-0.450061
48,5.76709,4.91605,5.61325,5.61325,5.45957,-0.884856
48,9.50641,5.68827,5.81172,5.81172,5.89994,-0.344585
48,13.2457,6.62055,5.89219,5.89219,5.93732,1.1123
48,14.8483,6.82923,5.69124,5.69124,6.13871,1.12417
48,19.656,6.48112,5.55359,5.55359,5.91341,0.924234
48,22.0598,5.7156,5.40583,5.40583,5.77001,-0.0885662
48,26.6004,5.35359,5.21876,5.21876,5.66333,-0.504259
48,28.7372,5.24217,5.13476,5.13476,5.57604,-0.543541
48,35.4145,4.79657,4.87461,4.87461,5.39941,-0.981435
48,40.4893,4.76157,4.70583,4.70583,5.26657,-0.822145
48,57.0491,4.97662,4.35617,4.35617,4.91937,0.0931964
48,84.5598,5.26081,4.35951,4.35951,4.63288,1.02227
48,154.271,5.34847,4.37768,4.37768,4.58011,1.25089
48,239.741,4.82317,4.37736,4.37736,4.58007,0.395761
48,328.951,4.89613,4.37728,4.37728,4.58007,0.514551
49,1.2265,1.30716,3.75603,3.75603,2.34118,-1.68338
49,3.67486,2.06088,7.04519,7.04519,2.05322,0.0124802
49,6.56838,3.31327,6.05281,6.05281,3.1761,0.22332
49,10.1296,4.38588,5.81443,5.81443,4.8156,-0.699591
49,14.136,5.20912,5.75839,5.75839,5.71714,-0.827058
49,17.0296,5.83526,5.65345,5.65345,5.20247,1.03018
49,21.4811,5.3422,5.43797,5.43797,4.67488,1.08639
49,23.9295,4.22296,5.3205,5.3205,4.46069,-0.38702
49,27.9359,3.54436,5.16676,5.16676,4.1435,-0.9754
49,36.6165,3.30047,4.83214,4.83214,3.55952,-0.421741
49,42.8486,3.25963,4.63674,4.63674,3.23021,0.047889
49,52.1969,3.14908,4.425,4.425,2.88531,0.429415
49,84.6934,3.34493,4.36015,4.36015,3.09999,0.398761
49,168.16,3.92145,4.37893,4.37893,3.6176,0.494674
49,253.185,3.70349,4.37727,4.37727,3.85949,-0.253963
49,336.207,3.80454,4.37729,4.37729,3.96579,-0.262511
50,0.923077,1.3024,4.07653,4.07653,1.66794,-0.595094
50,3.67486,4.29336,7.04519,7.04519,4.49293,-0.324909
50,7.90385,5.47031,6.40137,6.40137,5.60309,-0.216161
50,11.0199,6.6821,5.94649,5.94649,5.82786,1.3907
50,22.1489,5.87564,5.40118,5.40118,5.90772,-0.0522274
50,24.1521,5.66101,5.31167,5.31167,5.91545,-0.414221
50,27.9359,5.40572,5.16676,5.16676,5.81433,-0.665212
50,29.9391,5.42304,5.08618,5.08618,5.7947,-0.605074
50,34.8358,5.50402,4.89561,4.89561,5.70069,-0.320175
50,41.7358,5.40517,4.66857,4.66857,5.58679,-0.29568
50,53.5324,5.31772,4.40323,4.40323,5.40671,-0.144879
50,58.4291,5.21894,4.34171,4.34171,5.33537,-0.189543
50,86.0288,5.3686,4.36644,4.36644,4.98048,0.631867
50,170.831,5.4,4.37875,4.37875,4.47724,1.50225
50,266.985,5.23378,4.37725,4.37725,4.44367,1.2863
50,333.536,5.09774,4.37728,4.37728,4.44335,1.06536
51,1.76068,4.10208,3.80154,3.80154,3.8289,0.444731
51,4.16453,5.22228,6.73985,6.73985,6.7203,-2.43879
51,8.70513,5.47956,6.02359,6.02359,6.0448,-0.920223
51,12.4444,5.83428,6.00621,6.00621,5.91691,-0.134514
51,15.9167,6.41169,5.65644,5.65644,5.53852,1.42151
51,18.8547,6.12628,5.6008,5.6008,5.45528,1.09238
51,22.3269,5.5138,5.39202,5.39202,5.28889,0.366152
51,25.7991,5.01266,5.24909,5.24909,5.09762,-0.13832
51,30.0726,4.36536,5.08079,5.08079,4.91393,-0.893071
51,40.2222,4.01008,4.71404,4.71404,4.56924,-0.910313
51,46.0983,4.16989,4.5516,4.5516,4.43474,-0.431177
51,58.9188,4.71212,4.33711,4.33711,4.32544,0.629521
51,125.425,4.77904,4.37317,4.37317,4.41123,0.598799
51,167.893,4.72863,4.37895,4.37895,4.41537,0.509985
51,254.432,4.90608,4.37726,4.37726,4.41603,0.797803
51,336.697,4.50616,4.37729,4.37729,4.41601,0.146756
1,1.59997,3.95163,3.71968,3.71968,3.8685,0.135338
1,7.36484,5.9394,6.47239,6.47239,6.49862,-0.910405
1,14.0166,6.93328,5.77366,5.77366,5.73772,1.94638
1,19.338,5.6527,5.57335,5.57335,5.57287,0.129964
1,23.5508,5.03471,5.336,5.336,5.38494,-0.570184
1,27.3201,5.28955,5.19097,5.19097,5.23854,0.083039
1,30.646,5.09205,5.05763,5.05763,5.09989,-0.0127642
1,35.0805,4.6397,4.88667,4.88667,4.94064,-0.489929
1,38.4064,4.34664,4.77178,4.77178,4.83503,-0.795101
1,47.2754,4.47406,4.52374,4.52374,4.60537,-0.213777
1,54.5924,4.51228,4.3875,4.3875,4.48249,0.0485056
1,68.7828,4.60148,4.2976,4.2976,4.40536,0.319276
1,160.577,5.28955,4.37882,4.37882,4.44957,1.36749
1,217.561,5.42971,4.37729,4.37729,4.44919,1.5963
2,0.269618,2.17411,6.13539,6.13539,2.81665,-1.04607
2,7.14311,5.78012,6.40485,6.40485,6.29912,-0.844922
2,13.1297,6.60199,5.91122,5.91122,5.96894,1.03061
2,16.0121,6.48094,5.65577,5.65577,5.6794,1.3049
2,20.0032,5.71641,5.53117,5.53117,5.61908,0.158457
2,23.1074,5.2577,5.3551,5.3551,5.46099,-0.330961
2,29.7591,4.62059,5.09348,5.09348,5.25162,-1.02731
2,34.6371,4.93914,4.90289,4.90289,5.0854,-0.238102
2,41.2888,4.57599,4.68175,4.68175,4.88727,-0.506764
2,69.448,4.38486,4.29808,4.29808,4.3254,0.0967977
2,99.8244,3.28904,4.39984,4.39984,4.27035,-1.59756
2,181.198,3.69042,4.37765,4.37765,4.30037,-0.992999
2,274.544,4.27655,4.37727,4.37727,4.3015,-0.0406091
3,2.93032,4.01534,5.59801,5.59801,3.67168,0.559475
3,6.92138,5.90754,6.28921,6.28921,5.90189,0.00920971
3,10.2473,7.36014,5.82677,5.82677,6.04159,2.14661
3,13.7949,7.50668,5.80476,5.80476,5.97541,2.49291
3,18.4511,6.1815,5.62016,5.62016,5.8831,0.485786
3,21.777,5.43609,5.42115,5.42115,5.82738,-0.637033
3,25.5463,5.39786,5.25858,5.25858,5.70429,-0.498873
3,28.207,5.4106,5.15598,5.15598,5.61754,-0.33689
3,32.1981,5.13028,4.9958,4.9958,5.49625,-0.595803
3,42.1757,4.79898,4.65583,4.65583,5.23143,-0.704035
3,50.1579,4.93914,4.46238,4.46238,5.04877,-0.178467
3,63.4614,4.76713,4.307,4.307,4.81309,-0.0748263
3,91.3988,4.83721,4.38697,4.38697,4.59863,0.388405
3,189.18,4.79261,4.37701,4.37701,4.5745,0.35508
3,274.101,4.95826,4.37727,4.37727,4.5745,0.624753
3,358.8,4.72253,4.37729,4.37729,4.5745,0.240986
4,5.14758,5.2131,5.64312,5.64312,5.98449,-1.25582
4,9.80382,5.88206,5.79788,5.79788,5.70808,0.283231
4,12.6862,6.6657,5.9781,5.9781,5.35725,2.13016
4,18.6728,4.27655,5.60999,5.60999,4.70878,-0.703666
4,20.8901,4.05357,5.4738,5.4738,4.54469,-0.799547
4,25.1029,4.16825,5.27523,5.27523,4.26503,-0.157558
4,28.6505,3.54388,5.13825,5.13825,4.06282,-0.844836
4,33.5285,3.62671,4.94437,4.94437,3.84164,-0.349916
4,37.0761,3.62671,4.81633,4.81633,3.72555,-0.160919
4,46.6103,3.95163,4.53929,4.53929,3.60924,0.557416
4,55.9227,4.36575,4.36965,4.36965,3.7611,0.984362
4,119.115,3.72864,4.37888,4.37888,4.06254,-0.543587
4,173.437,3.86244,4.3785,4.3785,4.1496,-0.467499
4,255.476,3.24444,4.37726,4.37726,4.2043,-1.56264
4,343.723,3.02146,4.37728,4.37728,4.21211,-1.93838
5,2.04342,4.83721,4.06235,4.06235,4.64573,0.311721
5,6.03448,5.96488,5.71884,5.71884,6.08173,-0.19022
5,13.7949,6.72304,5.80476,5.80476,5.77932,1.53637
5,17.7859,5.58262,5.64269,5.64269,5.68262,-0.162803
5,21.777,4.60148,5.42116,5.42116,5.45014,-1.38163
5,26.655,4.8818,5.21667,5.21667,5.2614,-0.61799
5,30.2026,4.83084,5.07553,5.07553,5.11372,-0.460529
5,34.6371,5.07294,4.9029,4.9029,4.94655,0.205751
5,40.1802,5.03471,4.71533,4.71533,4.76593,0.437569
5,53.7055,4.84358,4.40057,4.40057,4.4601,0.624296
5,132.862,4.95189,4.37104,4.37104,4.42068,0.864803
5,173.216,4.16188,4.37853,4.37853,4.42555,-0.429269
5,306.694,4.2001,4.37729,4.37729,4.42494,-0.366042
6,4.26068,5.86295,6.59068,6.59068,6.41315,-0.895729
6,7.36484,6.03496,6.47239,6.47239,6.20263,-0.272955
6,11.3559,5.02197,5.99447,5.99447,5.70601,-1.11363
6,14.4601,4.84358,5.72269,5.72269,5.69899,-1.39262
6,18.2294,4.51865,5.62905,5.62905,5.40087,-1.43624
6,21.5553,4.83721,5.43368,5.43368,5.25752,-0.684267
6,28.8722,5.52528,5.12932,5.12932,4.90436,1.01086
6,31.9764,5.55076,5.00452,5.00452,4.76389,1.28104
6,39.2933,4.86269,4.74314,4.74314,4.47562,0.630146
6,46.3885,4.14913,4.54458,4.54458,4.25822,-0.177596
6,89.625,3.28904,4.38117,4.38117,4.26163,-1.58338
6,173.437,4.16188,4.3785,4.3785,4.26379,-0.165923
6,256.806,3.70316,4.37726,4.37726,4.2533,-0.895632
6,340.397,3.5184,4.37728,4.37728,4.25112,-1.19287
7,1.15652,2.78573,3.80393,3.80393,2.93947,-0.250293
7,5.36931,3.6713,5.58058,5.58058,4.26769,-0.970916
7,8.03001,4.42946,6.34822,6.34822,5.96984,-2.50774
7,12.908,4.39123,5.94637,5.94637,4.9187,-0.858716
7,17.3425,3.88155,5.65073,5.65073,4.36263,-0.783194
7,21.5553,3.10428,5.43368,5.43368,3.92983,-1.34399
7,25.5463,3.12339,5.25858,5.25858,3.55806,-0.707634
7,29.0939,2.82396,5.12042,5.12042,3.26002,-0.709916
7,33.5285,2.95775,4.94438,4.94438,2.93248,0.041136
7,39.7368,2.95138,4.72912,4.72912,2.56064,0.636115
7,47.4972,2.47992,4.51866,4.51866,2.24108,0.388823
7,61.6876,2.44169,4.31613,4.31613,2.07666,0.594267
7,88.9598,3.37187,4.37873,4.37873,3.23619,0.220877
7,169.224,3.50566,4.37887,4.37887,3.54901,-0.0705849
7,250.154,3.5184,4.37728,4.37728,3.79131,-0.444297
7,341.062,4.12365,4.37729,4.37729,4.01281,0.180446
8,3.5955,4.54414,6.96236,6.96236,4.28823,0.416628
8,6.25621,7.01611,5.84349,5.84349,6.597,0.682302
8,11.3559,8.19475,5.99446,5.99446,5.98462,3.59809
8,14.9035,6.94602,5.68773,5.68773,5.60933,2.17614
8,19.5597,5.82472,5.55966,5.55966,5.40438,0.684305
8,26.4332,4.61422,5.22512,5.22512,5.01787,-0.65714
8,30.8677,4.53777,5.0487,5.0487,4.79011,-0.410815
8,35.3023,4.55051,4.87865,4.87865,4.57403,-0.0382949
8,44.8365,3.91978,4.58325,4.58325,4.15462,-0.382325
8,55.2576,3.66493,4.37831,4.37831,3.78347,-0.192971
8,67.2307,3.4292,4.2978,4.2978,3.48988,-0.0987758
8,97.6071,2.78573,4.39872,4.39872,3.43287,-1.05354
9,2.04342,4.33389,4.06235,4.06235,3.61344,1.17289
9,4.26068,5.03471,6.59068,6.59068,5.45482,-0.683944
9,10.469,6.01585,5.85654,5.85654,5.28874,1.18373
9,15.1252,5.03471,5.67587,5.67587,5.08431,-0.0807511
9,19.5597,4.11728,5.55967,5.55967,4.67433,-0.906873
9,22.6639,3.40372,5.37551,5.37551,4.38921,-1.60438
9,27.0984,3.21896,5.19959,5.19959,4.00746,-1.28368
9,42.1757,3.30178,4.65583,4.65583,2.98663,0.51307
9,48.8275,3.10428,4.48947,4.48947,2.68671,0.679805
9,63.9049,2.60097,4.30523,4.30523,2.36321,0.387079
9,90.2902,3.06606,4.38347,4.38347,2.97157,0.153826
9,174.768,3.25082,4.37836,4.37836,3.47904,-0.371546
9,259.245,2.21871,4.37725,4.37725,3.75519,-2.5014
9,351.926,3.84969,4.37728,4.37728,3.89917,-0.0805408
10,1.8217,5.04108,3.84586,3.84586,4.46275,0.941528
10,7.80829,6.50642,6.43493,6.43493,6.23166,0.447314
10,10.2473,6.9078,5.82676,5.82676,5.6964,1.97216
10,14.4601,6.65933,5.72268,5.72268,5.55027,1.80555
10,21.9987,4.59511,5.40908,5.40908,4.97578,-0.619741
10,23.9943,4.3976,5.31791,5.31791,4.85441,-0.743686
10,34.8588,4.02171,4.89476,4.89476,4.28836,-0.434106
10,43.0627,3.53751,4.63077,4.63077,4.00306,-0.757916
10,51.2665,3.77324,4.44144,4.44144,3.86425,-0.148158
10,93.3944,3.39735,4.39221,4.39221,4.42913,-1.67975
10,177.872,4.56962,4.37801,4.37801,4.26527,0.495483
10,261.684,4.9264,4.37725,4.37725,4.25006,1.10108
10,350.374,4.971,4.37729,4.37729,4.25469,1.16616
11,2.26515,2.97049,4.35636,4.35636,3.10518,-0.219282
11,3.5955,4.05994,6.96237,6.96237,4.45263,-0.639304
11,7.58656,5.53165,6.48134,6.48134,5.859,-0.532929
11,11.1342,6.65296,5.96425,5.96425,5.87267,1.2703
11,12.6862,7.36014,5.97811,5.97811,6.19308,1.89998
11,18.4511,7.49393,5.62015,5.62015,5.90797,2.58194
11,20.2249,6.30255,5.51668,5.51668,5.77379,0.860816
11,24.6594,4.55051,5.29202,5.29202,5.66274,-1.81071
11,28.6505,3.93252,5.13825,5.13825,5.51129,-2.57025
11,42.1757,4.78624,4.65582,4.65582,5.1362,-0.569734
11,55.701,4.76075,4.37247,4.37247,4.82172,-0.0992553
11,85.4122,4.6397,4.36358,4.36358,4.45144,0.306496
11,182.085,4.4868,4.37757,4.37757,4.42608,0.0988472
11,255.697,3.65219,4.37726,4.37726,4.42619,-1.26007
12,5.14758,5.23221,5.64312,5.64312,6.23348,-1.63006
12,9.58209,5.87569,5.80519,5.80519,5.68505,0.310359
12,12.908,6.67207,5.94636,5.94636,5.34007,2.16849
12,18.4511,4.26381,5.62015,5.62015,4.70883,-0.724495
12,21.1118,4.0472,5.46003,5.46003,4.49179,-0.7238
12,24.6594,4.16188,5.29202,5.29202,4.23376,-0.117032
12,29.7591,3.53751,5.09348,5.09348,3.92498,-0.630803
12,32.4198,3.61397,4.9871,4.9871,3.79552,-0.29557
12,36.4109,3.63308,4.8393,4.8393,3.64462,-0.0187852
12,45.5016,3.93889,4.56634,4.56634,3.50192,0.711378
12,56.1445,4.33389,4.36688,4.36688,3.68205,1.06121
12,119.115,3.72864,4.37888,4.37888,4.03426,-0.49755
12,172.994,3.84332,4.37855,4.37855,4.14029,-0.483462
12,255.919,3.23807,4.37726,4.37726,4.21108,-1.58406
12,343.723,3.02783,4.37728,4.37728,4.21949,-1.94002
13,2.48687,3.74139,4.71702,4.71702,3.87196,-0.212579
13,6.47793,4.84358,5.98992,5.98992,5.37915,-0.871906
13,10.469,4.64608,5.85655,5.85655,5.7681,-1.82666
13,14.2383,5.23858,5.74618,5.74618,5.19053,0.0782354
13,17.1208,5.43609,5.65287,5.65287,4.91395,0.85004
13,23.9943,4.30204,5.31792,5.31792,4.48315,-0.294843
13,27.3201,4.37849,5.19096,5.19096,4.29825,0.130626
13,31.5329,4.12365,5.02209,5.02209,4.09587,0.0452269
13,38.1847,3.79873,4.77908,4.77908,3.86714,-0.111373
13,45.9451,3.70316,4.55535,4.55535,3.75677,-0.0872726
14,2.04342,2.65194,4.06235,4.06235,2.77857,-0.206167
14,5.14758,4.21922,5.64311,5.64311,5.61461,-2.27171
14,9.58209,5.34689,5.80519,5.80519,5.0351,0.507588
14,12.4645,6.08593,6.00422,6.00422,5.16804,1.49432
14,17.1208,4.6843,5.65287,5.65287,4.98736,-0.493384
14,20.8901,4.02171,5.4738,5.4738,4.60578,-0.950869
14,25.1029,3.55025,5.27523,5.27523,4.21535,-1.08278
14,29.7591,3.65856,5.09347,5.09347,3.84998,-0.311628
14,32.6415,4.34027,4.97846,4.97846,3.65987,1.10768
15,1.8217,3.8051,3.84586,3.84586,3.46091,0.560338
15,6.03448,5.86932,5.71884,5.71884,6.20243,-0.542306
15,10.0255,7.23909,5.80607,5.80607,6.52954,1.15515
15,14.6818,7.62136,5.70324,5.70324,6.15092,2.39387
15,18.2294,6.9078,5.62905,5.62905,6.08939,1.33237
15,21.9987,5.67181,5.40908,5.40908,5.96182,-0.472123
15,25.3246,4.77987,5.2669,5.2669,5.84012,-1.72609
15,30.4243,4.95826,5.06658,5.06658,5.72581,-1.24958
15,34.4154,4.99011,4.91108,4.91108,5.64341,-1.06357
15,39.515,5.14302,4.73611,4.73611,5.52826,-0.627177
15,46.1668,5.62722,4.54994,4.54994,5.39372,0.380131
15,64.7918,5.13665,4.30225,4.30225,5.07561,0.0993623
15,91.8423,5.56351,4.38826,4.38826,4.78288,1.27085
15,178.759,5.04745,4.37792,4.37792,4.6354,0.670814
16,3.37378,3.64582,6.5775,6.5775,3.66347,-0.0287334
16,7.36484,5.75464,6.47238,6.47238,5.8085,-0.0876874
16,14.2383,7.62773,5.74619,5.74619,5.9517,2.72857
16,17.5642,7.56402,5.64737,5.64737,6.00205,2.54289
16,20.0032,6.32166,5.53117,5.53117,5.87592,0.725666
16,23.9943,5.55714,5.31792,5.31792,5.75885,-0.328388
16,27.7636,5.22584,5.17355,5.17355,5.67592,-0.73273
16,30.646,4.94551,5.05762,5.05762,5.57894,-1.03121
16,45.0582,5.14302,4.57756,4.57756,5.21631,-0.119325
17,6.03448,5.75464,5.71884,5.71884,6.31957,-0.919715
17,10.9124,6.41723,5.92897,5.92897,6.26183,0.25299
17,14.0166,6.92691,5.77366,5.77366,6.23021,1.13423
18,2.04342,1.2949,4.06235,4.06235,1.10867,0.303195
18,7.14311,2.47992,6.40485,6.40485,2.36864,0.18116
18,8.91691,3.32727,5.94202,5.94202,3.2421,0.138656
18,15.347,5.08568,5.66725,5.66725,5.71868,-1.03053
18,17.7859,5.48068,5.64269,5.64269,5.24715,0.380185
18,23.5508,5.13028,5.33601,5.33601,4.44825,1.11034
18,28.6505,3.81784,5.13824,5.13824,4.00405,-0.303157
18,30.8677,3.46743,5.0487,5.0487,3.8327,-0.594659
18,38.8499,3.42283,4.75736,4.75736,3.31076,0.182456
18,50.1579,3.12339,4.46238,4.46238,2.83638,0.467252
18,86.2991,3.64582,4.36767,4.36767,3.43972,0.335527
18,177.207,3.58848,4.37809,4.37809,4.0483,-0.748589
18,256.584,3.88792,4.37726,4.37726,4.02287,-0.219706
18,347.492,4.37212,4.37729,4.37729,4.04923,0.525667
19,4.70413,7.24546,5.9779,5.9779,6.85389,0.63748
19,9.13864,7.98451,5.87595,5.87595,6.16326,2.965
19,14.0166,6.04771,5.77366,5.77366,5.92287,0.203233
19,17.1208,5.38512,5.65287,5.65287,5.88473,-0.813376
19,20.6684,5.4998,5.48788,5.48788,5.68274,-0.29783
19,24.216,5.63359,5.30914,5.30914,5.61212,0.0349547
19,28.207,5.90754,5.15599,5.15599,5.45688,0.733675
19,31.9764,5.48068,5.00452,5.00452,5.34878,0.214736
19,36.6326,5.11116,4.83158,4.83158,5.20911,-0.159459
19,43.9496,5.37875,4.60656,4.60656,5.00634,0.606277
19,52.1534,5.05382,4.42574,4.42574,4.80653,0.402585
19,65.6787,4.78624,4.30001,4.30001,4.55125,0.382564
19,93.6161,3.7159,4.3927,4.3927,4.34655,-1.0267
19,178.537,4.25744,4.37793,4.37793,4.36496,-0.175035
19,262.349,3.40372,4.37725,4.37725,4.36534,-1.56552
19,348.822,3.33364,4.37729,4.37729,4.36534,-1.67962
20,2.04342,3.51203,4.06235,4.06235,3.22026,0.474997
20,4.92585,4.971,5.77355,5.77355,5.49884,-0.859333
20,8.25174,6.1369,6.24076,6.24076,5.96495,0.279932
20,12.4645,7.55127,6.00422,6.00422,6.32928,1.9894
21,2.26515,4.90092,4.35636,4.35636,5.23029,-0.536211
21,4.26068,6.17513,6.59068,6.59068,6.03366,0.230313
21,11.1342,7.3474,5.96425,5.96425,6.65544,1.12652
21,14.2383,6.83135,5.74619,5.74619,6.51637,0.512776
21,17.7859,6.30892,5.64269,5.64269,6.40943,-0.163633
21,20.0032,6.27706,5.53117,5.53117,6.39868,-0.197989
21,27.3201,6.60836,5.19098,5.19098,6.26167,0.564418
21,33.7502,6.43634,4.93598,4.93598,6.16773,0.437305
21,36.6326,6.24521,4.83159,4.83159,6.12635,0.193509
21,42.8409,6.13053,4.63694,4.63694,6.04703,0.135938
21,60.3572,6.19424,4.32515,4.32515,5.85149,0.557991
21,71.2218,6.10505,4.30087,4.30087,5.74737,0.582304
21,132.196,5.64633,4.37105,4.37105,5.3337,0.508959
21,300.708,5.66544,4.37729,4.37729,5.06538,0.976912
22,1.8217,6.20061,3.84586,3.84586,5.40644,1.29291
22,5.59103,6.32803,5.57809,5.57809,5.58132,1.21564
22,13.3514,4.66519,5.87477,5.87477,5.09873,-0.705812
22,16.2339,4.30204,5.65492,5.65492,4.77662,-0.772622
22,20.4466,4.26381,5.50221,5.50221,4.37011,-0.173048
22,22.6639,4.34027,5.3755,5.3755,4.17792,0.2643
22,27.0984,4.46131,5.19959,5.19959,3.83813,1.01454
23,5.59103,6.15601,5.5781,5.5781,5.98659,0.275831
23,8.91691,6.71667,5.94201,5.94201,5.92112,1.29515
23,20.8901,5.20036,5.4738,5.4738,4.99385,0.336188
23,28.207,4.58874,5.15599,5.15599,4.52148,0.109495
23,30.2026,4.49954,5.07553,5.07553,4.40155,0.159533
23,35.3023,4.03445,4.87865,4.87865,4.11649,-0.13356
23,41.954,3.53751,4.66223,4.66223,3.79653,-0.421677
23,49.4927,3.62671,4.47566,4.47566,3.51347,0.184343
23,63.9049,3.24444,4.30523,4.30523,3.22859,0.025817
23,91.3988,3.563,4.38697,4.38697,3.61147,-0.0789132
23,163.016,3.04694,4.37898,4.37898,3.80533,-1.23466
23,261.462,3.38461,4.37725,4.37725,3.95973,-0.936295
23,365.008,4.21922,4.37728,4.37728,4.01769,0.328078
24,5.14758,5.50617,5.64312,5.64312,5.70419,-0.322385
24,7.14311,6.30255,6.40485,6.40485,6.48954,-0.304428
24,11.7993,7.42385,6.02941,6.02941,6.07658,2.19336
24,14.0166,7.93354,5.77366,5.77366,6.21539,2.79715
24,19.5597,6.74215,5.55967,5.55967,5.94566,1.2967
24,20.6684,5.78012,5.48788,5.48788,5.90744,-0.207268
24,26.2115,4.88818,5.23354,5.23354,5.76436,-1.42643
24,28.4288,4.7289,5.14714,5.14714,5.72079,-1.61479
24,31.9764,4.70979,5.00452,5.00452,5.61894,-1.4801
24,47.4972,5.20036,4.51867,4.51867,5.27049,-0.114178
24,87.8512,5.06019,4.37435,4.37435,4.7423,0.51753
24,173.437,4.79261,4.3785,4.3785,4.64485,0.240559
24,255.476,5.76101,4.37726,4.37726,4.64468,1.81738
25,1.8217,3.96437,3.84586,3.84586,3.51676,0.728709
25,4.70413,4.93277,5.97787,5.97787,6.58005,-2.68177
25,8.25174,5.37875,6.24075,6.24075,5.20449,0.283691
25,11.7993,5.58262,6.02941,6.02941,5.33174,0.408427
25,16.2339,4.0472,5.65492,5.65492,4.90615,-1.39838
25,22.4422,3.75413,5.38627,5.38627,4.24454,-0.798398
25,25.9898,3.78598,5.24192,5.24192,3.92598,-0.227907
25,30.2026,3.79235,5.07554,5.07554,3.60324,0.307885
25,35.7457,3.25719,4.86274,4.86274,3.2746,-0.0283428
25,42.6192,2.88767,4.64319,4.64319,3.02442,-0.222629
25,58.5834,3.97074,4.34023,4.34023,3.12434,1.37794
25,89.1816,3.55663,4.37956,4.37956,4.60262,-1.70288
25,142.396,3.55663,4.37336,4.37336,4.20841,-1.0611
25,267.892,4.27655,4.37725,4.37725,4.14384,0.216063
25,338.179,4.09817,4.37728,4.37728,4.16033,-0.101204
26,2.04342,4.75438,4.06235,4.06235,4.81977,-0.106444
26,5.36931,5.20036,5.58059,5.58059,6.07667,-1.42665
26,8.91691,5.67181,5.94202,5.94202,4.97984,1.12654
26,12.2428,5.15576,6.02252,6.02252,4.44115,1.16339
26,15.7904,3.20622,5.65774,5.65774,3.95052,-1.21172
26,19.1163,2.73476,5.58642,5.58642,3.54734,-1.32289
26,22.6639,2.0658,5.37551,5.37551,3.17919,-1.8126
26,25.9898,2.36524,5.24191,5.24191,2.8934,-0.859842
26,29.9808,2.55,5.0845,5.0845,2.62724,-0.125742
26,40.4019,2.65194,4.70851,4.70851,2.32954,0.524867
26,47.2754,2.63282,4.52373,4.52373,2.44575,0.30455
26,58.3617,3.1871,4.34237,4.34237,3.14496,0.0686096
27,1.8217,4.76075,3.84586,3.84586,4.38471,0.612208
27,4.26068,5.83109,6.59065,6.59065,6.156,-0.52896
27,7.58656,6.25795,6.48134,6.48134,6.35084,-0.151219
27,11.5776,7.49393,6.01683,6.01683,6.03594,2.37362
27,15.1252,6.76764,5.67587,5.67587,5.68836,1.75706
27,22.2204,5.60173,5.39745,5.39745,5.37779,0.364581
27,25.1029,5.14939,5.27523,5.27523,5.25347,-0.169444
27,29.3157,4.7735,5.11143,5.11143,5.07865,-0.496783
27,34.1936,4.28293,4.91933,4.91933,4.88263,-0.976319
27,56.8096,3.83058,4.35892,4.35892,4.31643,-0.790963
27,85.4122,3.98349,4.36358,4.36358,4.35722,-0.608444
27,172.107,3.86881,4.37863,4.37863,4.37229,-0.819677
27,253.48,4.14276,4.37727,4.37727,4.36966,-0.369387
27,337.071,3.97712,4.37728,4.37728,4.36965,-0.63904
28,2.26515,3.69042,4.35636,4.35636,3.86921,-0.291066
28,7.14311,6.1815,6.40485,6.40485,6.19152,-0.0163132
28,11.1342,6.97788,5.96425,5.96425,5.9632,1.65189
28,15.347,8.18201,5.66724,5.66724,5.7343,3.98487
28,19.1163,6.58925,5.58642,5.58642,5.64439,1.53822
28,22.8856,5.1239,5.36512,5.36512,5.43251,-0.502416
28,27.3201,4.65245,5.19098,5.19098,5.25936,-0.988059
28,31.0895,4.30841,5.03981,5.03981,5.10307,-1.29371
28,36.1892,4.48043,4.84706,4.84706,4.90662,-0.69384
28,43.9496,4.8818,4.60656,4.60656,4.64938,0.378382
28,64.57,3.46106,4.30292,4.30292,4.24771,-1.28067
28,261.462,3.73502,4.37725,4.37725,4.31665,-0.946903
28,338.623,3.93889,4.37729,4.37729,4.31643,-0.614638
29,3.37378,6.88231,6.5775,6.5775,7.28998,-0.663683
29,7.14311,7.81886,6.40485,6.40485,6.40969,2.29413
29,17.1208,6.24521,5.65286,5.65286,6.02694,0.355337
29,20.4466,5.79286,5.50221,5.50221,5.87242,-0.129519
29,24.4377,5.71004,5.30054,5.30054,5.78354,-0.119656
29,27.5419,5.56351,5.18228,5.18228,5.68988,-0.205738
29,30.646,5.56351,5.05762,5.05762,5.60976,-0.0752978
29,38.4064,5.97125,4.77181,4.77181,5.41041,0.913062
29,52.8186,4.66519,4.4146,4.4146,5.09418,-0.698396
29,82.0863,5.15576,4.34707,4.34707,4.69949,0.742805
29,157.251,4.78624,4.37834,4.37834,4.58189,0.332678
29,339.953,3.25082,4.37728,4.37728,4.58173,-2.16672
30,3.5955,4.31478,6.96236,6.96236,5.87864,-2.54597
30,7.14311,5.48068,6.40485,6.40485,6.45254,-1.58218
30,10.9124,6.25158,5.92893,5.92893,6.26142,-0.0160169
30,18.2294,5.91391,5.62905,5.62905,5.78533,0.20934
30,21.5553,6.00311,5.43369,5.43369,5.75075,0.410843
30,24.6594,5.76101,5.29203,5.29203,5.58902,0.280003
30,27.9853,5.76101,5.1648,5.1648,5.50408,0.418276
30,32.8633,5.73552,4.96987,4.96987,5.34029,0.643443
30,45.2799,4.50591,4.57192,4.57192,5.01026,-0.821081
30,60.579,4.90729,4.32351,4.32351,4.72714,0.293287
30,87.8512,4.51865,4.37436,4.37436,4.56072,-0.0684861
30,172.329,5.41697,4.37861,4.37861,4.55541,1.40262
30,255.476,4.74801,4.37726,4.37726,4.55541,0.313554
30,339.731,4.87543,4.37729,4.37729,4.55541,0.520995
31,2.26515,4.39123,4.35636,4.35636,4.16703,0.365001
31,6.47793,5.09205,5.98991,5.98991,5.72364,-1.02823
31,18.2294,5.77375,5.62905,5.62905,4.76803,1.63732
31,21.9987,4.93277,5.40908,5.40908,4.40584,0.857849
31,25.9898,4.08542,5.24192,5.24192,4.05086,0.0562678
31,29.7591,3.45469,5.09348,5.09348,3.74153,-0.466971
31,33.9719,3.00872,4.92763,4.92763,3.42684,-0.680709
31,40.8454,2.76662,4.69502,4.69502,2.98726,-0.359212
31,47.9406,2.84944,4.5087,4.5087,2.6332,0.352043
31,61.6876,3.05968,4.31612,4.31612,2.24282,1.32986
31,91.6205,3.43558,4.38762,4.38762,2.72885,1.15054
31,185.41,2.44806,4.37726,4.37726,3.48795,-1.69294
31,254.145,3.43558,4.37727,4.37727,3.81519,-0.618018
31,338.401,3.05968,4.37729,4.37729,3.9766,-1.49274
32,1.59997,6.06682,3.71968,3.71968,4.28825,2.89551
32,12.2428,4.60785,6.02252,6.02252,5.08794,-0.781594
32,16.0121,4.18736,5.65577,5.65577,4.74695,-0.91101
32,19.7815,4.05994,5.54556,5.54556,4.40753,-0.565872
32,23.7725,3.63945,5.32685,5.32685,4.06111,-0.68646
32,32.1981,3.76687,4.99579,4.99579,3.41176,0.578122
32,38.8499,3.88792,4.75736,4.75736,2.99365,1.45588
32,46.1668,3.08517,4.54994,4.54994,2.63736,0.729032
32,59.2486,2.5946,4.33416,4.33416,2.27802,0.515389
32,81.4212,2.5946,4.34365,4.34365,2.47894,0.188298
32,162.573,2.31427,4.37896,4.37896,3.41,-1.78385
32,253.924,2.71565,4.37727,4.37727,3.78875,-1.74702
32,344.831,2.67742,4.37728,4.37728,3.92527,-2.0315
33,2.04342,3.44195,4.06235,4.06235,3.38302,0.0959385
33,6.03448,5.32141,5.71884,5.71884,5.80494,-0.787192
33,10.6907,6.54465,5.89183,5.89183,5.7681,1.26423
33,16.4556,5.71641,5.65466,5.65466,5.03915,1.10259
33,20.4466,4.99011,5.50221,5.50221,4.77108,0.356582
33,24.6594,4.47406,5.29202,5.29202,4.50427,-0.0491795
33,28.207,4.12365,5.15599,5.15599,4.29032,-0.271339
33,31.5329,3.79235,5.02209,5.02209,4.1061,-0.510774
33,36.1892,2.74113,4.84706,4.84706,3.88181,-1.85703
33,44.1713,3.86244,4.60065,4.60065,3.60298,0.422397
33,51.2665,3.74776,4.44143,4.44143,3.47666,0.441341
33,65.0135,3.59485,4.30162,4.30162,3.55976,0.0571232
33,86.2991,3.58848,4.36767,4.36767,4.25192,-1.08008
33,170.111,3.06606,4.37881,4.37881,4.21126,-1.86439
34,2.48687,3.75413,4.71702,4.71702,3.97439,-0.35858
34,5.81276,4.44857,5.62715,5.62715,5.91518,-2.38763
34,10.0255,4.84995,5.80607,5.80607,5.01534,-0.269253
34,12.6862,4.44857,5.97812,5.97812,4.4157,0.0535112
34,16.4556,3.05968,5.65465,5.65465,3.71474,-1.06643
34,20.0032,1.8683,5.53117,5.53117,3.15362,-2.09251
34,23.9943,1.89378,5.31792,5.31792,2.63098,-1.20016
34,32.1981,2.19322,4.99579,4.99579,1.92063,0.443775
34,38.4064,1.93838,4.77179,4.77179,1.71063,0.370768
34,41.0671,1.70902,4.68836,4.68836,1.70623,0.00455044
34,47.0537,1.30765,4.52887,4.52887,1.88021,-0.932142
34,58.8052,3.69679,4.33815,4.33815,2.94956,1.21648
34,87.4078,2.79847,4.3725,4.3725,4.03444,-2.01216
34,171.663,4.05357,4.37867,4.37867,4.48819,-0.707562
34,255.032,3.34001,4.37726,4.37726,4.26306,-1.50273
34,340.84,3.81784,4.37729,4.37729,4.33346,-0.839432